52
666.108 281.114 395.601 291.204 326.267 640.8 426.878 600.187 561.471 1040.97 655.019 975 1120.77 299.04 260.048 429.535 161.555 305 210.06 286.923 46.0977 181.177 274.591 410.03 728.972 798.514 707.001 406.263 360.069 146.373 90.5539 827.315 135.093 121.655 125 207.966 240.416 166.208 208.926 395.38 565.796 463.816 154.434 240.208 279.866 791.281 267.301 64.0312 217.083 789.383 1220.46 
649.327 1047.09 945.145 978.085 45 956.151 1134.96 1132.98 1638.79 1258.59 1440.08 1515.73 957.823 724.034 494.773 595.483 843.401 564.469 392.46 636.416 509.828 921.792 1028.85 1191.51 1301.51 1243.72 635.02 390.448 541.225 730 1488.71 782.081 776.981 785 857.7 896.939 827.964 869.741 896.172 102.591 1123.71 744.883 823.286 859.084 1151.27 910.302 728.011 596.259 1421.56 1716.05 
603.511 508.945 542.517 610.574 308.058 485.644 487.263 1266.69 891.361 1247.76 1399.73 504.876 537.401 217.313 134.629 207.002 440.965 288.531 240.52 361.179 505.693 652.534 1005.94 1067.64 970.322 651.249 504.207 208.926 245.204 903.396 393.605 373.664 367.696 447.465 462.088 392.237 426.878 246.982 550.091 556.597 434.195 219.829 552.675 1072.31 504.802 288.487 463.249 995.314 1483.59 
104.403 69.6419 1026.36 525 611.003 533.901 663.193 294.364 711.073 897.009 100.125 384.22 800.25 532.353 474.684 500.625 681.487 436.606 537.703 125.3 109.202 516.236 526.806 417.433 579.871 689.529 540.856 370.54 517.349 266.552 275.136 270.601 190.394 155.242 230.489 188.282 544.541 950.329 245.204 307.002 411.096 230.705 659.564 137.295 345.254 477.624 397.02 908.639 
35.3553 923.594 470.558 583.631 513.469 760.805 382.426 769.042 944.312 25 309.233 700.071 430.465 400.78 406.602 577.17 332.453 436.835 31.6228 150.083 552.268 584.145 478.592 509.755 594.348 436.606 270.185 589.958 163.248 170.88 166.208 87.4643 50.9902 126.59 85.1469 479.505 847.659 266.693 212.25 331.21 170.66 673.591 47.4342 241.868 386.685 499.925 984.441 
957.04 491.554 596.008 523.259 726.103 349.285 744.194 922.781 40.3113 328.824 735.017 465.672 427.931 435.23 611.903 367.73 469.068 57.0088 124.197 533.339 559.129 452.217 528.015 623.699 471.832 305.041 568.243 196.977 205.548 201.308 120.83 86.3134 161.941 120.416 504.009 881.036 260.048 240.832 360.069 182.003 661.91 70.7107 277.218 413.793 464.57 954.895 
918.096 1095.92 1095.73 1627.42 1245.2 1440.31 1521.73 935.361 713.863 451.248 562.25 807.001 551.77 361.732 609.139 491.172 901.18 1012.42 1190.09 1297.79 1236.74 636.965 385.519 511.517 701.231 1459.63 760.345 754.205 761.577 836.316 874.714 804.394 846.537 857.555 76.1577 1094.81 726.997 789.383 844.423 1156.83 890.183 701.73 584.637 1405.08 1715.07 
183.439 180.347 1144.9 812.05 1234.34 1414.23 452.548 660.984 506.582 381.215 125.897 635.964 580.388 415.03 586.728 486.544 615.549 1022.8 1049.4 941.077 831.039 758.765 457.22 338.711 645.155 455 435.46 421.545 460.57 446.01 413.824 421.574 64.0312 855.862 359.026 529.741 187.417 598.54 1135.89 495.101 383.438 643.817 860.145 1430.47 
83.2166 1165.61 873.856 1316.76 1507.12 561.471 817.955 670.317 564.646 308.058 810.247 763.217 593.043 766.551 606.238 714.178 1126.11 1134.55 1024.46 998.211 940.492 640.312 510.025 570.197 606.98 589.428 574.674 596.091 571.948 557.853 555 239.27 1035.59 389.936 685.584 360.867 733.894 1257.06 617.839 550.568 815.138 883.233 1486.78 
1082.65 792.086 1236.58 1428.29 490.433 763.692 686.477 547.951 290.904 770.276 751.482 560.29 734.932 537.82 638.847 1049.98 1055.05 944.934 950.053 912.14 619.294 471.01 500.899 552.268 536.144 521.177 533.667 506.211 499.925 492.443 243.977 1031.95 307.774 631.981 329.014 669.645 1185.17 550.273 507.001 771.962 800.078 1404.04 
387.072 442.719 619.556 762.365 914.822 1460.69 1190.09 1124.3 1075.66 1314.17 1085.56 1143.53 770.016 631.269 541.041 417.433 417.642 1042.41 1250.97 1186.78 1030.98 706.134 905.884 920.34 920.054 835.06 810.386 885.127 845.532 1180.04 1552.32 789.24 912.921 1067.95 786.67 705.16 775.065 1000.01 1042.93 285.044 398.56 
452.134 653.242 388.104 537.703 1078.36 806.877 768.847 694.136 927.16 700.018 758.172 387.621 245 335.037 283.24 182.483 688.186 874.643 800.391 650.577 584.209 520 535.21 535.84 450.999 429.942 503.016 465.296 836.316 1169.63 484.381 526.118 705.301 401.404 517.421 391.152 616.644 662.59 188.215 618.567 
205.548 784.092 759.276 1399.51 1136.54 1169.47 919.918 1194.76 1020.42 1008.19 759.951 620.081 254.018 185.068 293.641 805.248 1056.18 1103.65 1004.15 1010.36 854.181 874.314 881.192 806.923 804.316 862.699 836.376 1248.08 1371.31 930.86 821.721 1098.33 696.024 324.423 755.86 959.284 884.59 539.676 278.657 
961.691 883.883 1534.22 1280.67 1340.63 1034.65 1313.2 1164.69 1127.21 931.357 799.156 396.011 374.433 484.175 887.426 1146.48 1238.79 1160.87 1215.91 1009.72 1030.59 1039.25 971.404 974.59 1026.16 1004.45 1423.04 1457.48 1125.28 966.398 1267.57 848.764 364.966 925.216 1113.56 1000.12 744.648 318.904 
332.415 700.161 432.348 387.621 424.794 585.875 338.6 451.054 55.9017 164.012 571.074 599.041 492.367 533.128 611.658 443.001 270.416 568.705 176.139 181.177 174.642 102.591 61.0328 132.853 90.1388 464.004 859.593 241.868 231.138 319.883 195.576 695.593 71.5891 246.221 406.079 497.041 995.113 
650.711 407.83 548.862 165.076 435.488 297.069 249.098 277.714 326.497 505.693 597.537 525.856 200.811 337.083 356.721 330.946 897.065 211.483 228.528 243.311 244.182 283.769 265.047 282.179 640.781 639.531 570.088 132.382 476.366 155.724 539.491 261.964 281.824 130.384 710.106 1022.67 
271.662 421.1 512.079 253.032 383.438 418.001 691.158 834.341 1149.48 1226.02 1136.33 707.425 492.392 296.184 430 1120.29 561.471 544.518 542.794 627.415 650.308 575.782 615.183 442.634 408.075 773.256 579.008 436.578 708.255 1187.7 687.204 461.736 543.622 1196.51 1649.37 
258.118 306.472 205.244 116.297 229.401 420.119 562.694 890 959.909 867.439 516.769 385.032 80.1561 162.788 903.244 290.259 272.947 271.155 355.879 380.132 305 345.326 330.492 492.976 541.133 315.357 228.035 441.277 946.005 415.752 190.263 328.672 929.368 1381.2 
512.445 460.652 290.172 460.977 410.03 550.681 945.476 984.733 879.332 711.003 632.949 332.415 219.829 700.589 350.892 330.189 317.569 371.248 366.231 318.904 336.341 91.9239 741.923 367.764 420.387 75 504.48 1044.84 415.482 267.442 521.967 843.445 1381.96 
278.568 223.607 94.3398 378.451 467.386 665.902 761.643 690.887 210.297 189.011 236.008 300.375 990.013 256.564 261.773 275.045 322.684 365.548 313.847 348.174 601.041 476.707 638.161 194.487 450.028 295.466 679.779 364.589 263.865 35.3553 859.069 1186.09 
250.599 186.815 558.413 684.726 941.077 1030.97 952.221 459.157 241.506 150 340.037 1097.96 416.203 406.356 411.4 491.859 526.711 453.1 495.807 525.024 289.914 733.246 401.528 433.042 530.377 957.549 549.477 344.42 313.129 1072.01 1456.71 
174.642 317.53 455.027 773.709 844.334 753.077 428.515 352.598 104.403 97.0824 852.951 180.069 165.303 166.883 251.247 281.469 206.155 248.646 377.69 535.023 488.109 199.06 232.648 325.73 832.406 311.006 93.9415 237.171 831.865 1266.49 
412.462 521.776 754.404 845.931 770.146 296.015 179.234 152.315 267.442 1001.96 275 272.809 282.931 349.464 390.032 325.576 365.548 545.023 415.03 641.132 235.85 406.971 356.931 773.692 400.656 244.387 127.475 914.166 1271.42 
147.054 537.401 575.608 472.07 478.174 566.789 420.862 263.059 620.846 142.302 152.971 150.748 66.7083 44.7214 115.434 79.0569 491.757 825.121 297.7 183.984 338.378 140.089 652.553 15.8114 230 357.526 514.806 981.542 
412.098 435.029 328.672 509.141 654.313 555.563 408.932 605.826 275 290.388 291.548 207.183 191.377 260.864 226.108 628.013 936.376 354.401 286.4 481.274 173.349 550.681 148.071 372.726 439.09 392.747 835.135 
126.194 158.902 558.793 805.016 853.302 765.506 917.306 614.37 635.138 643.525 575.543 580 630.179 609.139 1028.99 1120.1 755.794 574.674 872.067 453.679 185.54 530.519 718.679 630.575 496.009 525 
110.114 673.665 912.318 931.45 823.119 861.931 674.259 693.992 700.179 624.119 620.101 680 652.553 1063.04 1226.23 751.033 647.012 913.906 518.652 291.548 571.948 779.311 726.395 410.488 425.793 
629.682 853.288 844.349 725.155 766.551 578.705 597.704 602.764 523.927 516.769 579.763 550.091 956.151 1163.45 641.112 559.017 809.475 428.515 344.42 469.574 683.118 656.22 337.231 513.931 
259.615 445.225 492.392 1095.67 401.995 415.752 430.726 443.847 484.2 458.939 480.521 801.639 570.636 770.6 322.49 643.623 349.178 522.805 462.385 448.386 191.377 871.45 1081.95 
305.164 446.598 1172.9 439.318 441.192 453.018 509.117 551.589 494.292 531.507 712.969 315.159 815.552 382.884 583.31 481.274 782.192 553.173 422.67 215.232 1044.28 1330.01 
190.066 948.117 281.114 268.002 270.647 354.295 385.649 310.483 353.023 408.718 438.919 583.31 285.351 292.959 415.933 895.879 413.673 197.8 262.011 935.575 1355.91 
758.716 151.162 130.384 122.984 202.608 220.907 148.071 185.607 311.488 628.033 393.732 207.002 151.327 312.13 845 260.864 50 305.655 767.349 1238.4 
734.098 731.744 720.226 668.506 625.5 678.62 642.028 704.006 1386.73 365 798.812 687.786 747.011 1095.18 636.318 763.708 973.666 474.684 1088.73 
21.2132 33.541 76.1577 115.109 58.5235 92.1954 441.616 684.416 382.394 80 276.134 161.012 697.227 133.417 105.119 243.772 656.22 1092.62 
15 86.3134 120.83 53.1507 93.0054 421.1 678.473 376.464 96.1769 255.539 182.003 718.418 145.774 85.44 251.645 667.776 1111.54 
85 115.434 43.0116 85 408.167 686.003 363.593 111.018 242.745 191.442 729.555 145 81.3941 265.707 665.019 1116.36 
43.0116 55.9017 41.2311 457.739 760.345 327.3 130.384 297.069 138.654 676.036 60 165.68 305.164 581.485 1036.4 
75.6637 35.3553 449.027 798.89 286.4 173.349 294.109 163.783 690.67 49.4975 191.05 348.174 550.84 1026.17 
42.72 407.001 728.869 324.423 136.473 244.182 186.011 726.223 112.805 115.434 302.076 626.498 1092.02 
421.1 770.925 293.471 161.555 263.154 179.234 714.37 80.6226 157.003 333.654 584.829 1060.39 
796.492 401.995 512.079 165.605 593.001 1133.16 498.523 359.34 611.882 896.354 1453.08 
1021.76 650.865 720.85 768.668 1092.54 814.079 627.156 509.902 1329 1645.07 
455 336.786 437.321 904.461 313.249 399.906 626.099 504.232 1097.2 
346.771 130.863 640.41 170.294 157.003 175 678.399 1070.81 
429.564 969.91 343.001 196.469 456.755 790.142 1314.96 
540.37 125 265 266.177 563.649 941.116 
642.359 795.503 646.258 681.542 597.746 
225.499 343.111 522.805 980.472 
265.189 741.772 1196.92 
829.608 1150.76 
624.82 


